0.0697
0.6966
1.3003
1.8808
2.4845
3.0883
3.6920
4.2725
4.8762
5.4799
6.0836
6.6873
7.2911
7.8948
8.4985
9.0790
9.6827
10.2864
10.8902
11.4939
12.0976
12.7013
13.2818
13.8855
14.4893
15.0930
15.6967
16.2772
16.8809
17.4846
18.0883
18.6921
19.2958
19.8995
20.4800
21.0837
21.6874
22.2912
22.8949
23.4754
24.0791
24.6828
25.2865
25.8902
26.4940
27.0977
27.7014
28.2819
28.8856
29.4893
30.0931
30.6968
31.3005
31.8810
32.4847
33.0884
33.6922
34.2959
34.8996
35.4801
36.0838
36.6875
37.2912
37.8950
38.4987
39.0792
39.6829
40.2866
40.8903
41.4941
42.0978
42.6783
43.2820
43.8857
44.4894
45.0932
45.6969